image: tp2_map_safety_zone.pgm
mode: scale
resolution: 0.050000
origin: [-200.000000, -200.000000, 0.000000]
negate: 0
occupied_thresh: 1.0
free_thresh: 0.0
